t[c]	Об/мин	[V2-V1]	Кр.м.	P	Л.С.

|
651	92	92	9,18586789554531	88,7354838709677	0,12064668209289
7429	8	-84	-0,734957598600081	-0,617364382824068	-0,000839381960641086
15	4000	3992	17298,6666666667	7265440	9878,24928322448
15	4000	0	0	0	0
15	4000	0	0	0	0
15	4000	0	0	0	0
15	4000	0	0	0	0
15	4000	0	0	0	0
15	4000	0	0	0	0
15	4000	0	0	0	0
15	4000	0	0	0	0
15	4000	0	0	0	0
15	4000	0	0	0	0
15	4000	0	0	0	0
15	4000	0	0	0	0
15	4000	0	0	0	0
15	4000	0	0	0	0
15	4000	0	0	0	0
15	4000	0	0	0	0
15	4000	0	0	0	0
15	4000	0	0	0	0
15	4000	0	0	0	0
15	4000	0	0	0	0
15	4000	0	0	0	0
15	4000	0	0	0	0
15	4000	0	0	0	0
15	4000	0	0	0	0
15	4000	0	0	0	0
15	4000	0	0	0	0
15	4000	0	0	0	0
15	4000	0	0	0	0
15	4000	0	0	0	0
15	4000	0	0	0	0
15	4000	0	0	0	0
15	4000	0	0	0	0
15	4000	0	0	0	0
15	4000	0	0	0	0
15	4000	0	0	0	0
15	4000	0	0	0	0
15	4000	0	0	0	0
15	4000	0	0	0	0
15	4000	0	0	0	0
15	4000	0	0	0	0
15	4000	0	0	0	0
15	4000	0	0	0	0
15	4000	0	0	0	0
15	4000	0	0	0	0
15	4000	0	0	0	0
15	4000	0	0	0	0
15	4000	0	0	0	0
15	4000	0	0	0	0
15	4000	0	0	0	0
15	4000	0	0	0	0
15	4000	0	0	0	0
15	4000	0	0	0	0
15	4000	0	0	0	0
15	4000	0	0	0	0
15	4000	0	0	0	0
15	4000	0	0	0	0
15	4000	0	0	0	0
15	4000	0	0	0	0
15	4000	0	0	0	0
15	4000	0	0	0	0
15	4000	0	0	0	0
15	4000	0	0	0	0
15	4000	0	0	0	0
15	4000	0	0	0	0
15	4000	0	0	0	0
15	4000	0	0	0	0
15	4000	0	0	0	0
15	4000	0	0	0	0
15	4000	0	0	0	0
15	4000	0	0	0	0
15	4000	0	0	0	0
15	4000	0	0	0	0
15	4000	0	0	0	0
15	4000	0	0	0	0
15	4000	0	0	0	0
15	4000	0	0	0	0
15	4000	0	0	0	0
15	4000	0	0	0	0
15	4000	0	0	0	0
15	4000	0	0	0	0
15	4000	0	0	0	0
15	4000	0	0	0	0
15	4000	0	0	0	0
7351	8	-3992	-35,2985988300911	-29,6508230172766	-0,0403138999451414
1234	49	41	2,15964343598055	11,1113654781199	0,0151072527018162

|
9667	6	-43	-0,28912796110479	-0,182150615496017	-0,000247655914433597
1886	32	26	0,896076352067868	3,01081654294804	0,00409357125752836
883	68	36	2,65005662514156	18,9214043035108	0,0257259503208003
15	4000	3932	17038,6666666667	7156240	9729,77860261489
16	3750	-250	-1015,625	-399902,34375	-543,715871372997
16	3750	0	0	0	0
16	3750	0	0	0	0
16	3750	0	0	0	0
16	3750	0	0	0	0
16	3750	0	0	0	0
16	3750	0	0	0	0
16	3750	0	0	0	0
16	3750	0	0	0	0
16	3750	0	0	0	0
16	3750	0	0	0	0
16	3750	0	0	0	0
16	3750	0	0	0	0
16	3750	0	0	0	0
16	3750	0	0	0	0
16	3750	0	0	0	0
16	3750	0	0	0	0
16	3750	0	0	0	0
16	3750	0	0	0	0
16	3750	0	0	0	0
16	3750	0	0	0	0
16	3750	0	0	0	0
16	3750	0	0	0	0
16	3750	0	0	0	0
16	3750	0	0	0	0
16	3750	0	0	0	0
16	3750	0	0	0	0
16	3750	0	0	0	0
16	3750	0	0	0	0
16	3750	0	0	0	0
16	3750	0	0	0	0
16	3750	0	0	0	0
16	3750	0	0	0	0
16	3750	0	0	0	0
16	3750	0	0	0	0
16	3750	0	0	0	0
16	3750	0	0	0	0
16	3750	0	0	0	0
16	3750	0	0	0	0
16	3750	0	0	0	0
16	3750	0	0	0	0
16	3750	0	0	0	0
16	3750	0	0	0	0
16	3750	0	0	0	0
16	3750	0	0	0	0
16	3750	0	0	0	0
16	3750	0	0	0	0
16	3750	0	0	0	0
16	3750	0	0	0	0
16	3750	0	0	0	0
16	3750	0	0	0	0
16	3750	0	0	0	0
16	3750	0	0	0	0
16	3750	0	0	0	0
16	3750	0	0	0	0
16	3750	0	0	0	0
16	3750	0	0	0	0
16	3750	0	0	0	0
16	3750	0	0	0	0
16	3750	0	0	0	0
16	3750	0	0	0	0
16	3750	0	0	0	0
16	3750	0	0	0	0
16	3750	0	0	0	0
16	3750	0	0	0	0
16	3750	0	0	0	0
16	3750	0	0	0	0
16	3750	0	0	0	0
16	3750	0	0	0	0
16	3750	0	0	0	0
16	3750	0	0	0	0
16	3750	0	0	0	0
16	3750	0	0	0	0
16	3750	0	0	0	0
16	3750	0	0	0	0
16	3750	0	0	0	0
16	3750	0	0	0	0
16	3750	0	0	0	0
16	3750	0	0	0	0
16	3750	0	0	0	0
16	3750	0	0	0	0
16	3750	0	0	0	0
16	3750	0	0	0	0
16	3750	0	0	0	0
16	3750	0	0	0	0
16	3750	0	0	0	0
16	3750	0	0	0	0
16	3750	0	0	0	0
16	3750	0	0	0	0
16	3750	0	0	0	0
16	3750	0	0	0	0
16	3750	0	0	0	0
16	3750	0	0	0	0
16	3750	0	0	0	0
16	3750	0	0	0	0
16	3750	0	0	0	0
16	3750	0	0	0	0
16	3750	0	0	0	0
16	3750	0	0	0	0
16	3750	0	0	0	0
16	3750	0	0	0	0
16	3750	0	0	0	0
16	3750	0	0	0	0
16	3750	0	0	0	0
16	3750	0	0	0	0
16	3750	0	0	0	0
16	3750	0	0	0	0
16	3750	0	0	0	0
16	3750	0	0	0	0
1485	40	-3710	-162,390572390572	-682,040404040404	-0,927316877208022
378	159	119	20,462962962963	341,629166666667	0,464486400101518
1162	52	-107	-5,98537005163511	-32,6801204819277	-0,044432598263325
53	1132	1080	1324,52830188679	157433,433962264	214,049900101481
302	199	-933	-200,811258278146	-4195,95124172185	-5,70490601339819
301	199	0	0	0	0
444	135	-64	-9,36936936936937	-132,810810810811	-0,180572449390037
836	72	-63	-4,89832535885167	-37,0313397129187	-0,0503486099914088
561	107	35	4,05525846702317	45,5608288770053	0,0619454878434604
2770	22	-85	-1,99458483754513	-4,60749097472924	-0,00626444433077452
25	2400	2378	6182,8	1558065,6	2118,37967093758
29	2069	-331	-741,896551724138	-161173,31637931	-219,134725081872
31	1935	-134	-280,967741935484	-57085,6209677419	-77,614844304959
32	1875	-60	-121,875	-23994,140625	-32,6229522823798
2665	23	-1852	-45,1707317073171	-109,087317073171	-0,148317474466368
28	2143	2120	4921,42857142857	1107395,25	1505,63852079966
27	2222	79	190,185185185185	44372,1055555556	60,329273918624
26	2308	86	215	52103,1	70,840501088547
25	2400	92	239,2	60278,4	81,9558156964917
24	2500	100	270,833333333333	71093,75	96,6605993551994
24	2500	0	0	0	0
24	2500	0	0	0	0
23	2609	109	308,04347826087	84386,9706521739	114,734349517486
23	2609	0	0	0	0
23	2609	0	0	0	0
23	2609	0	0	0	0
23	2609	0	0	0	0
24	2500	-109	-295,208333333333	-77492,1875	-105,360053297167
24	2500	0	0	0	0
24	2500	0	0	0	0
25	2400	-100	-260	-65520	-89,0824083657518
5581	11	-2389	-27,8238666905572	-32,1365660275936	-0,0436935698770305
122	492	481	256,270491803279	13238,9336065574	17,9999403215266
111	541	49	28,6936936936937	1629,94527027027	2,21610882448171
120	500	-41	-22,2083333333333	-1165,9375	-1,58523382942527
126	476	-24	-12,3809523809524	-618,8	-0,841333856787656
116	517	41	22,9741379310345	1247,15107758621	1,69565356513007
101	594	77	49,5544554455445	3090,71138613861	4,20219801344137
6	10000	9406	101898,333333333	106993250	145470,335605601
86	698	-9302	-7030,58139534884	-515271,310465116	-700,574012484884
86	698	0	0	0	0
79	759	61	50,1898734177215	3999,88196202532	5,43832598223358
73	822	63	56,0958904109589	4841,63630136986	6,58279337846579
68	882	60	57,3529411764706	5311,45588235294	7,22157023700304
63	952	70	72,2222222222222	7219,33333333333	9,81556166252265
58	1034	82	91,8965517241379	9977,20862068965	13,5652285210405
49	1224	190	252,040816326531	32392,2857142857	44,0412518910273
45	1333	109	157,444444444444	22036,7116666667	29,9615895562932
39	1538	205	341,666666666667	55175,75	75,0181424509559
35	1714	176	326,857142857143	58824,48	79,9790346346612
32	1875	161	327,03125	64384,27734375	87,5382552910525
30	2000	125	270,833333333333	56875	77,3284794841596
28	2143	143	331,964285714286	74696,94375	101,559579469034
27	2222	79	190,185185185185	44372,1055555556	60,329273918624
25	2400	178	462,8	116625,6	158,566686891038
24	2500	100	270,833333333333	71093,75	96,6605993551994
23	2609	109	308,04347826087	84386,9706521739	114,734349517486
22	2727	118	348,636363636364	99826,7931818182	135,726665996126
22	2727	0	0	0	0
21	2857	130	402,380952380952	120708,25	164,117546086924
21	2857	0	0	0	0
20	3000	143	464,75	146396,25	199,043506192227
20	3000	0	0	0	0
20	3000	0	0	0	0
20	3000	0	0	0	0
20	3000	0	0	0	0
20	3000	0	0	0	0
20	3000	0	0	0	0
21	2857	-143	-442,619047619048	-132779,075	-180,529300695616
21	2857	0	0	0	0
21	2857	0	0	0	0
21	2857	0	0	0	0
21	2857	0	0	0	0
21	2857	0	0	0	0
22	2727	-130	-384,090909090909	-109978,670454545	-149,529377792342
22	2727	0	0	0	0
22	2727	0	0	0	0
23	2609	-118	-333,478260869565	-91354,702173913	-124,207827918012
23	2609	0	0	0	0
23	2609	0	0	0	0
23	2609	0	0	0	0
23	2609	0	0	0	0
23	2609	0	0	0	0
23	2609	0	0	0	0
23	2609	0	0	0	0
24	2500	-109	-295,208333333333	-77492,1875	-105,360053297167
24	2500	0	0	0	0
24	2500	0	0	0	0
24	2500	0	0	0	0
24	2500	0	0	0	0
25	2400	-100	-260	-65520	-89,0824083657518
25	2400	0	0	0	0
26	2308	-92	-230	-55738,2	-75,7828616296085
27	2222	-86	-207,037037037037	-48303,8111111111	-65,6749057848312
27	2222	0	0	0	0
28	2143	-79	-183,392857142857	-41266,14375	-56,1063411052704
28	2143	0	0	0	0
27	2222	79	190,185185185185	44372,1055555556	60,329273918624
26	2308	86	215	52103,1	70,840501088547
25	2400	92	239,2	60278,4	81,9558156964917
22	2727	327	966,136363636364	276638,655681818	376,123896446892
22	2727	0	0	0	0
22	2727	0	0	0	0
21	2857	130	402,380952380952	120708,25	164,117546086924
21	2857	0	0	0	0
21	2857	0	0	0	0
22	2727	-130	-384,090909090909	-109978,670454545	-149,529377792342
22	2727	0	0	0	0
22	2727	0	0	0	0
23	2609	-118	-333,478260869565	-91354,702173913	-124,207827918012
23	2609	0	0	0	0
24	2500	-109	-295,208333333333	-77492,1875	-105,360053297167
25	2400	-100	-260	-65520	-89,0824083657518
26	2308	-92	-230	-55738,2	-75,7828616296085
28	2143	-165	-383,035714285714	-86188,78125	-117,184130156577
31	1935	-208	-436,129032258065	-88610,5161290322	-120,476773249489
35	1714	-221	-410,428571428571	-73864,83	-100,428219626478
43	1395	-319	-482,209302325581	-70631,6075581395	-96,0322605009723
57	1053	-342	-390	-43120,35	-58,6273600057104
70	857	-196	-182	-16377,27	-22,2668903244227
88	682	-175	-129,261363636364	-9256,40625	-12,585210036047
92	652	-30	-21,195652173913	-1451,05434782609	-1,97288485918717
72	833	181	163,402777777778	14292,0239583333	19,4317447287753
55	1091	258	304,909090909091	34928,8609090909	47,4900343598013
47	1277	186	257,234042553192	34491,2265957447	46,8950172869018
37	1622	345	606,081081081081	103221,668918919	140,342412436349
32	1875	253	513,90625	101175,29296875	137,560115457368
29	2069	194	434,827586206897	94464,1189655172	128,435458205085
27	2222	153	368,333333333333	85935,85	116,840239361386
25	2400	178	462,8	116625,6	158,566686891038
23	2609	209	590,652173913044	161806,209782609	219,995220634445
22	2727	118	348,636363636364	99826,7931818182	135,726665996126
21	2857	130	402,380952380952	120708,25	164,117546086924
20	3000	143	464,75	146396,25	199,043506192227
19	3158	158	540,526315789474	179233,121052632	243,689225920005
19	3158	0	0	0	0
18	3333	175	631,944444444444	221158,4375	300,691792474154
18	3333	0	0	0	0
18	3333	0	0	0	0
18	3333	0	0	0	0
17	3529	196	749,411764705882	277690,782352941	377,554390613092
17	3529	0	0	0	0
17	3529	0	0	0	0
17	3529	0	0	0	0
17	3529	0	0	0	0
17	3529	0	0	0	0
17	3529	0	0	0	0
17	3529	0	0	0	0
17	3529	0	0	0	0
21	2857	-672	-2080	-623968,8	-848,361469003176
28	2143	-714	-1657,5	-372962,3625	-507,087690495735
33	1818	-325	-640,151515151515	-122198,522727273	-166,143753102602
39	1538	-280	-466,666666666667	-75362	-102,463804323257
48	1250	-288	-390	-51187,5	-69,5956315357436
56	1071	-179	-207,767857142857	-23364,534375	-31,7669260144902
67	896	-175	-169,776119402985	-15972,5373134328	-21,7166070145365
79	759	-137	-112,721518987342	-8983,3414556962	-12,2139452387869
80	750	-9	-7,3125	-575,859375	-0,782950854777115
82	732	-18	-14,2682926829268	-1096,66097560976	-1,49104396929261
80	750	18	14,625	1151,71875	1,56590170955423
65	923	173	173	16766,295	22,7958171240944
45	1333	410	592,222222222222	82890,3833333333	112,699557046607
36	1667	334	603,055555555556	105555,829166667	143,515987167438
32	1875	208	422,5	83179,6875	113,092901245583
29	2069	194	434,827586206897	94464,1189655172	128,435458205085
26	2308	239	597,5	144798,15	196,870694885613
24	2500	192	520	136500	185,588350761983
23	2609	109	308,04347826087	84386,9706521739	114,734349517486
21	2857	248	767,619047619048	230274,2	313,085780227363
20	3000	143	464,75	146396,25	199,043506192227
20	3000	0	0	0	0
19	3158	158	540,526315789474	179233,121052632	243,689225920005
19	3158	0	0	0	0
18	3333	175	631,944444444444	221158,4375	300,691792474154
18	3333	0	0	0	0
18	3333	0	0	0	0
17	3529	196	749,411764705882	277690,782352941	377,554390613092
17	3529	0	0	0	0
18	3333	-196	-707,777777777778	-247697,45	-336,774807571053
20	3000	-333	-1082,25	-340908,75	-463,506906028052
26	2308	-692	-1730	-419248,2	-570,018915735751
39	1538	-770	-1283,33333333333	-207245,5	-281,775461888956
568	106	-1432	-163,87323943662	-1823,90915492958	-2,47982631504075
94	638	532	367,872340425532	24643,7680851064	33,5061998203347
62	968	330	345,967741935484	35164,1612903226	47,8099538446837
50	1200	232	301,6	38001,6	51,667796852136
19	3158	1958	6698,42105263158	2221129,43684211	3019,89559716057
19	3158	0	0	0	0
18	3333	175	631,944444444444	221158,4375	300,691792474154
18	3333	0	0	0	0
18	3333	0	0	0	0
18	3333	0	0	0	0
18	3333	0	0	0	0
17	3529	196	749,411764705882	277690,782352941	377,554390613092
17	3529	0	0	0	0
778	77	-3452	-288,40616966581	-2331,76388174807	-3,17031658007314
21	2857	2780	8604,7619047619	2581299,5	3509,59060093576
1253	48	-2809	-145,718276137271	-734,420111731844	-0,998533460093363
19	3158	3110	10639,4736842105	3527943,07894737	4796,66767475454
20	3000	-158	-513,5	-161752,5	-219,92219565295
20	3000	0	0	0	0
21	2857	-143	-442,619047619048	-132779,075	-180,529300695616
21	2857	0	0	0	0
21	2857	0	0	0	0
22	2727	-130	-384,090909090909	-109978,670454545	-149,529377792342
22	2727	0	0	0	0
23	2609	-118	-333,478260869565	-91354,702173913	-124,207827918012
23	2609	0	0	0	0
24	2500	-109	-295,208333333333	-77492,1875	-105,360053297167
25	2400	-100	-260	-65520	-89,0824083657518
26	2308	-92	-230	-55738,2	-75,7828616296085
27	2222	-86	-207,037037037037	-48303,8111111111	-65,6749057848312
28	2143	-79	-183,392857142857	-41266,14375	-56,1063411052704
29	2069	-74	-165,862068965517	-36032,7051724138	-48,990844882352
31	1935	-134	-280,967741935484	-57085,6209677419	-77,614844304959
32	1875	-60	-121,875	-23994,140625	-32,6229522823798
34	1765	-110	-210,294117647059	-38972,7573529412	-52,9882033829985
34	1765	0	0	0	0
33	1818	53	104,393939393939	19927,7590909091	27,0942120444244
31	1935	117	245,322580645161	49843,4153225807	67,7681849528373
28	2143	208	482,857142857143	108650,1	147,723024682231
25	2400	257	668,2	168386,4	228,941789499982
24	2500	100	270,833333333333	71093,75	96,6605993551994
22	2727	227	670,681818181818	192039,678409091	261,10129814509
21	2857	130	402,380952380952	120708,25	164,117546086924
20	3000	143	464,75	146396,25	199,043506192227
20	3000	0	0	0	0
19	3158	158	540,526315789474	179233,121052632	243,689225920005
19	3158	0	0	0	0
18	3333	175	631,944444444444	221158,4375	300,691792474154
18	3333	0	0	0	0
18	3333	0	0	0	0
17	3529	196	749,411764705882	277690,782352941	377,554390613092
17	3529	0	0	0	0
17	3529	0	0	0	0
17	3529	0	0	0	0
17	3529	0	0	0	0
17	3529	0	0	0	0
17	3529	0	0	0	0
17	3529	0	0	0	0
17	3529	0	0	0	0
18	3333	-196	-707,777777777778	-247697,45	-336,774807571053
18	3333	0	0	0	0
19	3158	-175	-598,684210526316	-198517,697368421	-269,9089527595
21	2857	-301	-931,666666666667	-279486,025	-379,995241324339

|
591	102	102	11,2182741116751	120,147715736041	0,163355431584405
6357	9	-93	-0,950920245398773	-0,89861963190184	-0,00122178267726742
766	78	69	5,85509138381201	47,9531984334204	0,065198205208942
22	2727	2649	7826,59090909091	2241026,90795455	3046,94862901473
20	3000	273	887,25	279483,75	379,99214818516
20	3000	0	0	0	0
19	3158	158	540,526315789474	179233,121052632	243,689225920005
18	3333	175	631,944444444444	221158,4375	300,691792474154
18	3333	0	0	0	0
18	3333	0	0	0	0
16	3750	417	1694,0625	667037,109375	906,918073450159
16	3750	0	0	0	0
15	4000	250	1083,33333333333	455000	618,627835873277
363	165	-3835	-686,707988980716	-11897,2159090909	-16,1757119357319
14	4286	4121	19133,2142857143	8610520,425	11707,0497060668
15	4000	-286	-1239,33333333333	-520520	-707,710244239028
15	4000	0	0	0	0
15	4000	0	0	0	0
15	4000	0	0	0	0
15	4000	0	0	0	0
15	4000	0	0	0	0
15	4000	0	0	0	0
15	4000	0	0	0	0
15	4000	0	0	0	0
15	4000	0	0	0	0
15	4000	0	0	0	0
14	4286	286	1327,85714285714	597575,55	812,47663575227
14	4286	0	0	0	0
15	4000	-286	-1239,33333333333	-520520	-707,710244239028
14	4286	286	1327,85714285714	597575,55	812,47663575227
14	4286	0	0	0	0
14	4286	0	0	0	0
15	4000	-286	-1239,33333333333	-520520	-707,710244239028
15	4000	0	0	0	0
15	4000	0	0	0	0
15	4000	0	0	0	0
15	4000	0	0	0	0
19	3158	-842	-2880,52631578947	-955153,721052632	-1298,64764699142
26	2308	-850	-2125	-514972,5	-700,167743317035
580	103	-2205	-247,112068965517	-2672,51702586207	-3,63361192097481
109	550	447	266,559633027523	15393,8188073394	20,9297688233181
460	130	-420	-59,3478260869565	-810,097826086957	-1,10142651647872
83	723	593	464,397590361446	35254,7430722892	47,9331107935794
70	857	134	124,428571428571	11196,705	15,2232821605747
67	896	39	37,8358208955224	3559,59402985075	4,83970099181099
60	1000	104	112,666666666667	11830	16,0843237327052
56	1071	71	82,4107142857143	9267,496875	12,6002890895464
51	1176	105	133,823529411765	16524,5294117647	22,4671074040095
46	1304	128	180,869565217391	24764,6608695652	33,670568263461
45	1333	29	41,8888888888889	5862,97833333333	7,97143208378442
45	1333	0	0	0	0
43	1395	62	93,7209302325581	13727,773255814	18,6645772760511
55	1091	-304	-359,272727272727	-41156,4872727273	-55,957249788293
57	1053	-38	-43,3333333333333	-4791,15	-6,5141511117456
58	1034	-19	-21,2931034482759	-2311,79224137931	-3,14316270609476
57	1053	19	21,6666666666667	2395,575	3,2570755558728
54	1111	58	69,8148148148148	8144,24722222222	11,0730945800006
53	1132	21	25,7547169811321	3061,20566037736	4,16208139086213
53	1132	0	0	0	0
52	1154	22	27,5	3332,175	4,53049716263964
50	1200	46	59,8	7534,8	10,2444769620615
45	1333	133	192,111111111111	26888,8316666667	36,5586367980458
41	1463	130	206,09756097561	31659,6768292683	43,0451810139287
39	1538	75	125	20186,25	27,4456618723009
39	1538	0	0	0	0
40	1500	-38	-61,75	-9725,625	-13,2231699917913
42	1429	-71	-109,880952380952	-16487,0875	-22,416200571381
54	1111	-318	-382,777777777778	-44652,9416666667	-60,7111047662102
56	1071	-40	-46,4285714285714	-5221,125	-7,09875441664585
54	1111	40	48,1481481481482	5616,72222222222	7,63661695172456
50	1200	89	115,7	14578,2	19,8208358613798
44	1364	164	242,272727272727	34698,3	47,1765587636961
40	1500	136	221	34807,5	47,3250294443056
36	1667	167	301,527777777778	52777,9145833333	71,757993583719
34	1765	98	187,352941176471	34721,1838235294	47,2076721048532
34	1765	0	0	0	0
33	1818	53	104,393939393939	19927,7590909091	27,0942120444244
33	1818	0	0	0	0
33	1818	0	0	0	0
34	1765	-53	-101,323529411765	-18777,7830882353	-25,5306798118084
36	1667	-98	-176,944444444444	-30971,4708333333	-42,1094812646974
38	1579	-88	-150,526315789474	-24956,5105263158	-33,9314112040514
40	1500	-79	-128,375	-20219,0625	-27,4902744566187
41	1463	-37	-58,6585365853659	-9010,83109756097	-12,2513207501182
40	1500	37	60,125	9469,6875	12,8751918341126
39	1538	38	63,3333333333333	10227,7	13,9058020152991
37	1622	84	147,567567567568	25132,2324324324	34,1703265062414
35	1714	92	170,857142857143	30749,16	41,8072226499365
33	1818	104	204,848484848485	39103,5272727273	53,1660009928328
31	1935	117	245,322580645161	49843,4153225807	67,7681849528373
30	2000	65	140,833333333333	29575	40,210809331763
30	2000	0	0	0	0
30	2000	0	0	0	0
30	2000	0	0	0	0
31	1935	-65	-136,290322580645	-27690,7862903226	-37,6489916404652
31	1935	0	0	0	0
31	1935	0	0	0	0
32	1875	-60	-121,875	-23994,140625	-32,6229522823798
32	1875	0	0	0	0
32	1875	0	0	0	0
32	1875	0	0	0	0
33	1818	-57	-112,272727272727	-21431,7409090909	-29,1390582364564
34	1765	-53	-101,323529411765	-18777,7830882353	-25,5306798118084
36	1667	-98	-176,944444444444	-30971,4708333333	-42,1094812646974
37	1622	-45	-79,0540540540541	-13463,6959459459	-18,305532056915
39	1538	-84	-140	-22608,6	-30,739141296977
45	1333	-205	-296,111111111111	-41445,1916666667	-56,3497785233036
43	1395	62	93,7209302325581	13727,773255814	18,6645772760511
42	1429	34	52,6190476190476	7895,225	10,7345185834782
36	1667	238	429,722222222222	75216,4291666667	102,265883071408
36	1667	0	0	0	0

|
15	4000	4000	17333,3333333333	7280000	9898,04537397243
52107	1	-3999	-4,98848523231044	-0,523790949392596	-0,000712157497742309
4480	13	12	0,174107142857143	0,23765625	0,000323122574987381
28	2143	2130	4944,64285714286	1112618,8125	1512,740589294
22	2727	584	1725,45454545455	494058,027272727	671,731974082522
19	3158	431	1474,47368421053	488920,728947368	664,747192224825
1317	46	-3112	-153,591495823842	-741,846924829157	-1,00863111572815
14	4286	4240	19685,7142857143	8859162	12045,1081663973
214	280	-4006	-1216,77570093458	-35773,2056074766	-48,6380236641825
15	4000	3720	16120	6770400	9205,18219779435
15	4000	0	0	0	0
15	4000	0	0	0	0
15	4000	0	0	0	0
15	4000	0	0	0	0
15	4000	0	0	0	0
15	4000	0	0	0	0
15	4000	0	0	0	0
15	4000	0	0	0	0
15	4000	0	0	0	0
15	4000	0	0	0	0
15	4000	0	0	0	0
15	4000	0	0	0	0
15	4000	0	0	0	0
15	4000	0	0	0	0
15	4000	0	0	0	0
15	4000	0	0	0	0
15	4000	0	0	0	0
15	4000	0	0	0	0
15	4000	0	0	0	0
15	4000	0	0	0	0
15	4000	0	0	0	0
15	4000	0	0	0	0
15	4000	0	0	0	0
15	4000	0	0	0	0
15	4000	0	0	0	0
15	4000	0	0	0	0
15	4000	0	0	0	0
15	4000	0	0	0	0
15	4000	0	0	0	0
16	3750	-250	-1015,625	-399902,34375	-543,715871372997
20	3000	-750	-2437,5	-767812,5	-1043,93447303615
23	2609	-391	-1105	-302709,225	-411,570006067311
21	2857	248	767,619047619048	230274,2	313,085780227363
20	3000	143	464,75	146396,25	199,043506192227
19	3158	158	540,526315789474	179233,121052632	243,689225920005
18	3333	175	631,944444444444	221158,4375	300,691792474154
17	3529	196	749,411764705882	277690,782352941	377,554390613092
16	3750	221	897,8125	353513,671875	480,644830293729
16	3750	0	0	0	0
15	4000	250	1083,33333333333	455000	618,627835873277
15	4000	0	0	0	0
15	4000	0	0	0	0
15	4000	0	0	0	0
15	4000	0	0	0	0
15	4000	0	0	0	0
15	4000	0	0	0	0
15	4000	0	0	0	0
15	4000	0	0	0	0
15	4000	0	0	0	0
15	4000	0	0	0	0
15	4000	0	0	0	0
15	4000	0	0	0	0
15	4000	0	0	0	0
15	4000	0	0	0	0
15	4000	0	0	0	0
16	3750	-250	-1015,625	-399902,34375	-543,715871372997
16	3750	0	0	0	0

|
25	2400	-1350	-3510	-884520	-1202,61251293765
17590	3	-2397	-8,85758953951109	-2,79014070494599	-0,00379353561776413
207	290	287	90,1207729468599	2744,17753623188	3,73104309998064
36	1667	1377	2486,25	435180,76875	591,681180627431
27	2222	555	1336,11111111111	311728,083333333	423,832240820713
33	1818	-404	-795,757575757576	-151902,163636364	-206,529465395235
33	1818	0	0	0	0
24	2500	682	1847,08333333333	484859,375	659,22528760246
22	2727	227	670,681818181818	192039,678409091	261,10129814509
2347	26	-2701	-74,8040051129101	-204,214933958245	-0,277655038785919
25	2400	2374	6172,4	1555444,8	2114,81637460295
24	2500	100	270,833333333333	71093,75	96,6605993551994
831	72	-2428	-189,915764139591	-1435,76317689531	-1,95209465263579
27	2222	2150	5175,92592592593	1207595,27777778	1641,87264462078
31	1935	-287	-601,774193548387	-122265,471774194	-166,234778474054
34	1765	-170	-325	-60230,625	-81,890859773725
32	1875	110	223,4375	43989,2578125	59,8087458510297
30	2000	125	270,833333333333	56875	77,3284794841596
30	2000	0	0	0	0
26	2308	308	770	186601,8	253,70784110782
26	2308	0	0	0	0
28	2143	-165	-383,035714285714	-86188,78125	-117,184130156577
28	2143	0	0	0	0
28	2143	0	0	0	0
29	2069	-74	-165,862068965517	-36032,7051724138	-48,990844882352
27	2222	153	368,333333333333	85935,85	116,840239361386
24	2500	278	752,916666666667	197640,625	268,716466207454
22	2727	227	670,681818181818	192039,678409091	261,10129814509
21	2857	130	402,380952380952	120708,25	164,117546086924
21	2857	0	0	0	0
23	2609	-248	-700,869565217391	-191999,713043478	-261,046960370059
21	2857	248	767,619047619048	230274,2	313,085780227363
19	3158	301	1029,73684210526	341450,439473684	464,243398746339
18	3333	175	631,944444444444	221158,4375	300,691792474154
17	3529	196	749,411764705882	277690,782352941	377,554390613092
16	3750	221	897,8125	353513,671875	480,644830293729
15	4000	250	1083,33333333333	455000	618,627835873277
15	4000	0	0	0	0
15	4000	0	0	0	0
15	4000	0	0	0	0
15	4000	0	0	0	0
15	4000	0	0	0	0
14	4286	286	1327,85714285714	597575,55	812,47663575227
14	4286	0	0	0	0
14	4286	0	0	0	0
14	4286	0	0	0	0
14	4286	0	0	0	0
14	4286	0	0	0	0
14	4286	0	0	0	0
14	4286	0	0	0	0
14	4286	0	0	0	0
16	3750	-536	-2177,5	-857390,625	-1165,72682822371
18	3333	-417	-1505,83333333333	-526988,9625	-716,505585495557
19	3158	-175	-598,684210526316	-198517,697368421	-269,9089527595
20	3000	-158	-513,5	-161752,5	-219,92219565295
20	3000	0	0	0	0
21	2857	-143	-442,619047619048	-132779,075	-180,529300695616
21	2857	0	0	0	0
22	2727	-130	-384,090909090909	-109978,670454545	-149,529377792342
25	2400	-327	-850,2	-214250,4	-291,299475356008
26	2308	-92	-230	-55738,2	-75,7828616296085
29	2069	-239	-535,689655172414	-116375,899137931	-158,22718820111
28	2143	74	171,785714285714	38654,3625	52,5553068581014
28	2143	0	0	0	0
29	2069	-74	-165,862068965517	-36032,7051724138	-48,990844882352
33	1818	-251	-494,393939393939	-94374,8590909091	-128,31409855001
49	1224	-594	-787,959183673469	-101268,514285714	-137,686861175106
72	833	-391	-352,986111111111	-30873,9302083333	-41,976862922382
107	561	-272	-165,233644859813	-9733,08785046729	-13,2333166446133
1381	43	-518	-24,3808834178132	-110,079688631427	-0,14966672428937
